ID	SIRE_ped_S1	DAM_ped_S1	SIRE_ped_EBPB	DAM_ped_EBPB	Mismatch_Type
56	50	51	50	52	DAM
73	68	71	0	71	SIRE
128	123	125	126	125	SIRE
514	0	0	237	145	BOTH
605	230	225	230	255	DAM
616	506	571	506	471	DAM
668	506	571	506	471	DAM
689	230	241	230	157	DAM
693	506	571	506	471	DAM
708	488	260	0	260	SIRE
710	506	571	506	471	DAM
712	506	475	506	474	DAM
718	546	268	546	548	DAM
725	542	501	229	501	SIRE
730	506	571	506	471	DAM
761	542	673	542	0	DAM
776	652	650	652	660	DAM
781	506	571	506	471	DAM
807	652	650	652	0	DAM
809	782	664	693.1	664	SIRE
840	652	650	652	660	DAM
848	506	571	506	471	DAM
869	761	724	762	724	SIRE
887	782	664	693.1	664	SIRE
888	506	571	506	471	DAM
889	693	783	693	693.2	DAM
912	575	631	576	631	SIRE
913	680	774	680	775	DAM
924	506	271	506	471	DAM
925	506	783	506	693.2	DAM
949	628	774	698	775	BOTH
950	872	837	772	837	SIRE
959	687	271	687	471	DAM
961	687	692	684	692	SIRE
998	687	783	687	693	DAM
1058	687	783	687	693	DAM
1059	784	664	811	664	SIRE
1072	738	524	0	0	BOTH
1074	738	737	0	0	BOTH
1075	761	596	0	0	BOTH
1076	815	723	0	0	BOTH
1078	738	812	0	0	BOTH
1079	901	911	0	0	BOTH
1080	815	748	0	0	BOTH
1082	902	736	0	0	BOTH
1083	761	791	0	0	BOTH
1106	687	850	687	843	DAM
1111	923	925	926	925	SIRE
1118	637	753	637	735	DAM
1169	675	871	676	871	SIRE
1177	960	850	960	843	DAM
1180	960	783	960	693.2	DAM
1238	698	875	698	975	DAM
1255	960	783	960	693.2	DAM
1344	769	1008	769	1003	DAM
1348	824	1024	821	1024	SIRE
1363	825	927	825	937	DAM
1399	860	837	860	1044	DAM
1411	960	783	960	693	DAM
1485	1074	987	0	987	SIRE
1489	872	952	972	952	SIRE
1495	894	1094	984	1094	SIRE
1521	960	783	960	693	DAM
1607	1043	1234	0	0	BOTH
1614	1241	1236	0	0	BOTH
1635	1394	1317	1394	1322	DAM
1642	960	783	960	693.2	DAM
1668	1080	819	0	819	SIRE
1669	821	1024	821	1027	DAM
1672	1010	1011	1010	1111	DAM
1687	792	1206	1150	760	BOTH
1688	1150	760	879	1205	BOTH
1693	1128	725	1128	729	DAM
1722	0	1156	0	1157	DAM
1756	872	1317	872	1322	DAM
1760	872	696	872	676	DAM
1784	769	1008	1690	1008	SIRE
1788	1264	292	1264	929	DAM
1796	1121	996	1121	966	DAM
1826	1218	1083	1218	0	DAM
1844	960	783	960	693.2	DAM
1859	1301	1073	1301	0	DAM
1892	901	1542	901	660	DAM
1954	1075	1556	0	1556	SIRE
1985	980	1206	0	1206	SIRE
2029	1241	1242	913	1242	SIRE
2030	1043	1306	1092	1306	SIRE
2031	1043	1310	913	1310	SIRE
2032	1241	1309	972	1309	SIRE
2033	913	1089	1092	1089	SIRE
2036	872	1317	972	1317	SIRE
2072	1218	1083	1218	0	DAM
2139	1429	1340	1429	1338	DAM
2141	1264	1005	1164	1005	SIRE
2214	1776	1562	1176	1562	SIRE
2249	1608	1863	980	1863	SIRE
2263	1209	1021	1209	1020	DAM
2291	1043	1310	1043	1306	DAM
2309	1434	1291	1434	1231	DAM
2345	1872	1879	1872	1876	DAM
2413	1661	1188	1661	118	DAM
2429	0	1485	0	1503	DAM
2434	1241	1309	1043	1309	SIRE
2435	1499	1607	1043	1607	SIRE
2436	1043	1306	1499	1306	SIRE
2443	1912	1316	1499	1316	SIRE
2472	1346	1579	1346	1779	DAM
2499	2120	1674	2120	0	DAM
2537	1859	1863	1034	1863	SIRE
2661	1228	0	0	0	SIRE
2662	1228	0	0	0	SIRE
2705	1116	1117	1116	1805	DAM
2835	2081	1654	2081	1954	DAM
2895	1624	1064	1624	1604	DAM
2896	1624	1614	1043	1614	SIRE
2900	2021	2334	2021	2434	DAM
2980	1020	1965	1020	1962	DAM
2987	1784	2506	1784	1770	DAM
3107	2178	1046	2078	1046	SIRE
3173	2325	1183	2325	1529	DAM
3211	2124	1258	1530	1258	SIRE
3212	1530	2351	2120	2351	SIRE
3235	2362	2229	2262	2362	BOTH
3242	2375	2201	2365	2201	SIRE
3260	2533	2692	2533	1885	DAM
3261	2273	1885	2273	2530	DAM
3262	2532	2530	2532	2378	DAM
3326	2171	2299	0	0	BOTH
3327	2170	1322	0	0	BOTH
3328	2170	2303	0	0	BOTH
3329	2171	2302	0	0	BOTH
3441	2076	2334	2076	2332	DAM
3558	2278	2556	0	2556	SIRE
3724	1683	1695	1683	1692	DAM
3929	2561	3086	2561	2086	DAM
3954	3000	3232	3000	3231	DAM
3965	2683	1862	2633	1362	BOTH
4021	2775	2332	2775	2337	DAM
4025	2002	1883	2007	1883	SIRE
4077	1620	2158	1630	2158	SIRE
4162	1801	3320	1901	3320	SIRE
4194	3000	3232	3000	3231	DAM
4220	2810	2659	2081	2659	SIRE
4283	3360	2996	0	2996	SIRE
4405	3264	3513	3264	3516	DAM
4426	2243	2380	2243	2680	DAM
4433	3000	3232	3000	3231	DAM
4479	2505	1770	2502	1770	SIRE
4553	1624	2578	1624	2575	DAM
4606	0	2690	0	0	DAM
4621	3406	3407	3406	3107	DAM
4625	3079	3909	3079	3903	DAM
4671	3000	3232	3000	3231	DAM
4686	2488	3837	2488	2937	DAM
4760	1949	3068	1943	3068	SIRE
4792	3105	2908	3105	2905	DAM
4826	2709	3093	2709	0	DAM
4856	3188	3909	3188	3903	DAM
4920	2792	2504	2892	2504	SIRE
4923	3684	2798	3584	2798	SIRE
4959	2709	2892	2809	2892	SIRE
4968	2305	4071	2305	2909	DAM
4986	2366	2751	2366	2851	DAM
5007	3000	3232	3000	3231	DAM
5151	4130	3292	4130	0	DAM
5156	3522	3753	3522	3756	DAM
5193	3000	3232	3000	3231	DAM
5197	2860	2830	0	0	BOTH
5208	2021	3818	2021	3718	DAM
5220	4069	3575	4069	3537	DAM
5250	4211	3082	4211	0	DAM
5325	2394	2926	2394	2962	DAM
5343	3670	3203	3670	3202	DAM
5371	3397	4610	3397	4601	DAM
5373	3000	3232	3000	3231	DAM
5409	4217	3177	4217	1377	DAM
5410	5197	3750	4914	3750	SIRE
5439	3105	4557	3105	4556	DAM
5528	3294	2678	0	2678	SIRE
5529	3294	3979	0	3979	SIRE
5554	4736	3291	4736	0	DAM
5598	3000	3232	3000	3231	DAM
5599	3000	3479	3000	3478	DAM
5606	3462	2985	3462	0	DAM
5612	4993	2798	4993	0	DAM
5613	4993	4926	4993	4923	DAM
5634	3349	3350	3349	0	DAM
5657	3360	3993	0	3993	SIRE
5674	2647	3997	2647	3977	DAM
5676	0	3324	0	0	DAM
5689	3967	3278	3967	0	DAM
5696	4130	3273	4130	0	DAM
5697	4130	3297	4130	0	DAM
5700	4130	3277	4130	0	DAM
5706	4329	2964	4329	2965	DAM
5725	3230	3476	3229	3476	SIRE
5805	4522	4530	4522	4930	DAM
5826	3000	3232	3000	3231	DAM
5857	0	0	4756	3890	BOTH
5862	0	0	2425	1982	BOTH
6055	4736	3291	4736	0	DAM
6094	3000	3232	3000	3231	DAM
6099	5199	4231	5199	4239	DAM
6103	3251	3009	3251	5009	DAM
6105	5355	4661	5355	4681	DAM
6118	4007	4003	4007	4009	DAM
6138	2647	2887	2647	3887	DAM
6205	2729	5503	5502	5503	SIRE
6222	3378	5668	3378	0	DAM
6292	4666	4269	3711	4269	SIRE
6295	4666	4587	4666	4887	DAM
6375	5031	5717	5031	0	DAM
6377	3000	3232	3000	3231	DAM
6412	5720	5596	0	0	BOTH
6414	5158	3157	5158	5157	DAM
6421	3462	4661	3462	3463	DAM
6422	3462	3463	3462	4661	DAM
6450	3339	4977	0	4977	SIRE
6500	0	3911	1987	3911	SIRE
6571	5072	4823	3378	4823	SIRE
6572	3378	4128	4903	4128	SIRE
6580	6135	5592	6135	5892	DAM
6616	3000	3232	3000	3231	DAM
6681	5401	3750	5401	3780	DAM
6721	0	5647	0	0	DAM
6722	5196	5198	5196	4720	DAM
6802	4131	6510	4131	0	DAM
6809	6733	6731	6733	6732	DAM
6815	4081	5687	4081	0	DAM
6821	4171	5845	5845	4171	BOTH
6876	5691	5852	5691	493	DAM
6877	5691	5851	5691	0	DAM
6996	5113	5477	5113	5447	DAM
7005	5102	6415	5105	6415	SIRE
7009	5893	5531	5893	5532	DAM
7084	5935	6154	5935	6155	DAM
7092	6094	3232	6094	3231	DAM
7101	5158	5157	5158	5127	DAM
7105	3676	3674	3676	3673	DAM
7140	5912	5905	5912	5908	DAM
7173	6733	6732	6733	6731	DAM
7174	6733	6731	6733	6732	DAM
7291	3405	3409	3406	3409	SIRE
7299	5072	3273	5072	0	DAM
7300	5072	5529	5072	0	DAM
7319	6094	3232	6094	3231	DAM
7325	5031	6661	5031	0	DAM
7328	5863	6036	0	6036	SIRE
7333	5307	5505	5307	5808	DAM
7350	5135	5587	5135	0	DAM
7361	6580	5137	0	5137	SIRE
7379	4395	6058	4395	6088	DAM
7382	5856	6603	0	6603	SIRE
7392	6344	4394	6344	6394	DAM
7396	5705	3836	0	3836	SIRE
7397	5705	3837	0	3837	SIRE
7400	4965	5632	4965	0	DAM
7405	5657	3120	0	3120	SIRE
7408	4965	5644	4965	0	DAM
7425	6310	5865	6310	0	DAM
7426	5863	6391	0	6391	SIRE
7430	5601	4284	0	4284	SIRE
7433	6436	3997	6436	0	DAM
7446	4131	6510	4131	0	DAM
7528	5840	6816	5840	0	DAM
7558	6875	5751	6875	5851	DAM
7620	5307	5528	5705	5528	SIRE
7670	6501	6224	0	6224	SIRE
7719	5247	6510	5247	0	DAM
7788	5307	6629	5307	6315	DAM
7859	5642	6152	5642	6182	DAM
7879	4457	5550	4457	5505	DAM
7885	6362	6575	6362	7117	DAM
7928	6949	6661	6949	5717	DAM
7930	6949	7110	6949	5716	DAM
7935	5247	6510	5247	0	DAM
8025	5840	4173	5810	4173	SIRE
8033	5856	7123	0	7123	SIRE
8055	6832	6529	6832	6829	DAM
8056	5307	7050	5307	0	DAM
8067	4629	7044	4329	7044	SIRE
8210	5657	5960	0	5960	SIRE
8276	5699	6818	5699	6181	DAM
8279	6584	6586	6584	6584	DAM
8295	6855	6677	6855	0	DAM
8400	6077	5255	0	0	BOTH
8402	5950	5231	0	0	BOTH
8406	7434	7167	0	0	BOTH
8414	6400	7435	0	0	BOTH
8421	6744	6510	6744	6804	DAM
8422	6744	6804	6744	0	DAM
8548	6683	6057	6683	5607	DAM
8551	4835	7871	4835	7877	DAM
8570	6605	7380	6605	6125	DAM
8612	7772	6332	0	2238	BOTH
8616	7775	7543	0	7543	SIRE
8618	6912	7774	6912	0	DAM
8622	6191	6979	6191	1250	DAM
8643	7928	7323	0	7323	SIRE
8644	7928	5474	0	5474	SIRE
8655	7309	7918	7309	0	DAM
8752	6408	6595	6408	7036	DAM
8756	6077	5255	6077	6291	DAM
8759	6985	6706	6895	6706	SIRE
8849	7928	7332	7928	7322	DAM
8862	8125	7832	8125	0	DAM
8871	7826	7621	7826	6670	DAM
8872	7434	7167	7432	7167	SIRE
8905	5804	6830	5804	0	DAM
8923	5711	7676	0	7676	SIRE
8987	7164	8138	7164	8137	DAM
9106	6875	5851	6875	0	DAM
9107	8008	6586	8008	6642	DAM
9126	8275	7537	0	0	BOTH
9127	6644	6669	6644	0	DAM
9130	6570	7752	6570	0	DAM
9136	7767	8536	7767	0	DAM
9308	6724	6813	6724	8029	DAM
9327	8174	7640	8174	5084	DAM
9334	7125	7824	7125	7822	DAM
9336	7514	7504	7124	7504	SIRE
9337	7514	6602	7124	6602	SIRE
9364	8056	8305	8056	8306	DAM
9367	8056	8306	8056	8305	DAM
9369	8541	7788	8541	8540	DAM
9370	7767	8041	8541	7788	BOTH
9371	5849	7625	7767	8041	BOTH
9372	5158	5381	5849	7625	BOTH
9373	6724	7528	5158	5381	BOTH
9377	7361	8590	7631	8590	SIRE
9381	6580	5137	6580	5132	DAM
9386	7693	6446	7693	7684	DAM
9389	6458	5658	9004	5658	SIRE
9403	6605	7380	7751	7380	SIRE
9404	0	7381	0	8319	DAM
9405	7751	6603	6605	8567	BOTH
9406	0	8319	6605	6125	BOTH
9407	6605	8567	7122	7384	BOTH
9408	6605	6125	7751	7383	BOTH
9409	7122	7384	7642	7636	BOTH
9410	7751	7383	7626	5195	BOTH
9411	7642	7636	7626	6646	BOTH
9412	7626	5195	7626	8552	DAM
9413	7626	6646	7359	8561	BOTH
9414	7626	8552	8123	4661	BOTH
9415	7359	8561	8123	6057	BOTH
9416	8123	4661	8123	7890	DAM
9417	8123	6057	8123	7891	DAM
9418	8123	7890	5113	6682	BOTH
9419	8123	7891	5113	6479	BOTH
9420	5113	6682	0	8644	BOTH
9421	5113	6479	0	7323	BOTH
9422	0	8644	8072	7631	BOTH
9424	8072	7631	7290	6405	BOTH
9425	8072	7432	7290	8394	BOTH
9426	7290	6405	7591	7870	BOTH
9427	7290	8394	7591	5788	BOTH
9428	7591	7870	7591	5524	DAM
9429	7591	5788	7591	5526	DAM
9430	7591	5524	7591	8602	DAM
9431	7591	5526	7591	6566	DAM
9433	7591	8602	5810	8635	BOTH
9435	5810	5388	5810	0	DAM
9436	8637	8635	6159	6157	BOTH
9437	8637	7311	8710	6291	BOTH
9438	6159	6157	8710	6157	SIRE
9439	8710	6291	8710	5255	DAM
9440	8710	8400	8710	7369	DAM
9441	8710	5255	8596	8192	BOTH
9444	8596	7755	8125	7832	BOTH
9445	8125	8126	8125	5817	DAM
9446	8125	7832	5935	6154	BOTH
9447	8125	5817	5935	6155	BOTH
9448	5935	6154	7164	5400	BOTH
9449	5935	6155	7164	6634	BOTH
9450	7164	5400	7642	8196	BOTH
9451	7164	6634	6913	6914	BOTH
9456	8097	6869	8097	6576	DAM
9457	7882	6576	7882	8377	DAM
9458	8097	8377	8097	5548	DAM
9459	8097	5548	8097	5541	DAM
9470	8583	7167	0	0	BOTH
9472	8583	7166	0	0	BOTH
9477	8008	6586	0	0	BOTH
9478	8008	7343	0	0	BOTH
9479	8008	4045	0	0	BOTH
9481	8209	7443	8209	8149	DAM
9482	8209	7174	0	0	BOTH
9483	8209	5808	0	0	BOTH
9484	8209	7903	8209	8508	DAM
9485	6893	6072	0	0	BOTH
9489	7593	7846	6796	8691	BOTH
9517	8583	7176	8583	7167	DAM
9542	7122	7386	0	0	BOTH
9547	7122	7384	6605	7384	SIRE
9589	7803	9017	7803	8652	DAM
9624	8097	8668	8097	0	DAM
9629	6607	8520	6607	7363	DAM
9655	6997	8839	6997	0	DAM
9702	8008	9107	8008	0	DAM
9707	8596	8192	0	8192	SIRE
9710	8596	7755	0	7755	SIRE
9712	8416	8801	0	8801	SIRE
9718	6605	8567	6605	0	DAM
9730	7514	7824	7514	0	DAM
9738	6570	8577	6570	0	DAM
9740	6605	8568	6605	0	DAM
9755	8595	8371	0	8371	SIRE
9756	8595	8593	0	0	BOTH
9762	8056	8544	8056	0	DAM
9784	9030	8532	9030	0	DAM
9785	8614	8549	0	0	BOTH
9786	8614	8547	0	0	BOTH
9788	8097	8668	8097	0	DAM
9801	0	8644	0	0	DAM
9814	7626	8552	7626	0	DAM
9822	7361	8590	7361	0	DAM
9829	8841	7858	8841	0	DAM
9830	8841	8621	8841	0	DAM
9834	8842	8858	8842	0	DAM
9839	7164	6634	7164	0	DAM
9846	8683	8682	0	8682	SIRE
9848	8710	8400	8710	0	DAM
9849	8710	7369	8710	7669	DAM
9854	7120	8553	7120	0	DAM
9857	8330	8672	8330	0	DAM
9861	7803	7439	7803	0	DAM
9866	7290	8194	7290	0	DAM
9965	8576	7298	0	7298	SIRE
9976	7361	7069	7361	0	DAM
9980	9231	9230	9231	0	DAM
10079	6618	8652	0	0	BOTH
10080	8860	8365	0	0	BOTH
10141	8295	6909	8295	6209	DAM
10144	8330	7044	8330	0	DAM
10145	8330	8672	8330	0	DAM
10146	8330	8066	8330	0	DAM
10148	9372	7625	9327	7625	SIRE
10166	7751	8944	7751	8945	DAM
10170	8526	0	0	9233	BOTH
10224	5546	6370	0	6370	SIRE
10243	9607	7409	9840	0	BOTH
10363	8722	9720	8722	0	DAM
10365	7751	7843	0	0	BOTH
10369	9363	8578	9363	0	DAM
10372	9372	7625	9327	7625	SIRE
10400	9435	9825	9435	9821	DAM
10414	7593	7846	7539	7856	BOTH
10415	7593	7594	7539	7594	SIRE
10493	8841	8738	8842	8738	SIRE
10494	8576	8296	0	0	BOTH
10519	0	0	9472	9307	BOTH
10528	7882	0	7882	9457	DAM
10530	8097	7117	8097	0	DAM
10533	8097	8668	8097	0	DAM
10535	8148	9316	8148	0	DAM
10557	9350	6646	8583	8406	BOTH
10558	8583	8406	8583	7166	DAM
10559	8583	7166	8583	7167	DAM
10560	8583	7167	8583	8707	DAM
10561	8583	8707	9482	9480	BOTH
10563	9482	9483	9622	9749	BOTH
10642	9240	9190	9240	9049	DAM
10668	9903	8540	8940	8540	SIRE
10697	9081	9580	0	0	BOTH
10701	8097	7117	8097	0	DAM
10702	8097	9199	8097	0	DAM
10706	7882	9457	7882	0	DAM
10716	8676	9661	8676	9518	DAM
10749	9655	8839	0	0	BOTH
10750	9372	9977	9972	9977	SIRE
10751	9372	7625	9972	7625	SIRE
10762	8860	8365	8861	8365	SIRE
10768	6605	8568	6605	0	DAM
10785	8991	8370	8991	6370	DAM
10790	9607	9075	9840	0	BOTH
10791	9622	9749	9622	9748	DAM
10793	9710	9744	9852	7609	BOTH
10794	9852	7609	9350	9659	BOTH
10795	9350	9659	9350	6646	DAM
10814	7591	0	0	0	SIRE
10815	7591	0	0	0	SIRE
10816	7591	0	0	0	SIRE
10930	9624	10321	9624	10320	DAM
10964	9363	8933	9363	0	DAM
10965	9739	8533	9739	0	DAM
10968	8148	8150	8148	0	DAM
11086	0	0	7591	0	SIRE
11087	0	0	7591	0	SIRE
11088	0	0	7591	0	SIRE
11093	9435	9825	9435	9821	DAM
11128	9896	8875	0	0	BOTH
11185	9486	6434	9486	0	DAM
11293	0	9233	9741	9233	SIRE
11323	9435	9825	9435	9821	DAM
11563	9739	10173	9739	10670	DAM
11603	8125	9932	8125	9446	DAM
11734	9531	8568	9531	0	DAM
11774	9368	10395	9762	10395	SIRE
11805	9470	10635	9470	10365	DAM
11923	9263	8912	9264	8912	SIRE
11966	9998	10496	9998	0	DAM
11967	9998	10497	9998	0	DAM
11969	9998	9137	9998	0	DAM
11975	9472	10519	9742	10519	SIRE
11976	9472	11174	9742	11174	SIRE
12047	10369	8723	10369	8728	DAM
12246	11050	8544	11050	0	DAM
12253	11201	8536	11201	0	DAM
12437	10568	11142	0	0	BOTH
12494	11201	8563	11201	8536	DAM
12527	11711	11441	11711	10911	DAM
12528	9995	10911	9995	11443	DAM
12596	9570	9569	9570	9596	DAM
12599	11846	8875	0	8875	SIRE
12600	11846	10565	0	10565	SIRE
12603	11191	10769	11191	11019	DAM
12663	11456	11446	11172	11446	SIRE
12735	10964	11719	10964	11717	DAM
12783	9531	10166	9531	8945	DAM
12828	10234	9477	10457	9477	SIRE
12829	10234	10051	10457	10051	SIRE
12831	11184	9618	10234	9618	SIRE
12832	10622	10901	11184	10901	SIRE
12833	11201	10908	10622	10908	SIRE
12861	11430	8728	10369	8728	SIRE
12862	10502	11834	11430	11834	SIRE
13008	0	0	9739	10173	BOTH
13021	10411	10260	10411	13618	DAM
13030	10411	10580	10411	13619	DAM
13032	10667	11416	10568	11142	BOTH
13091	0	10911	11711	10911	SIRE
13092	0	10718	11711	10718	SIRE
13093	0	0	11711	0	SIRE
13094	0	10719	11711	10719	SIRE
13217	10964	11717	0	11717	SIRE
13218	10964	11718	0	11718	SIRE
13323	12271	11834	12271	11843	DAM
13386	10457	11485	10457	11950	DAM
13387	10457	11950	10457	11485	DAM
13398	12495	12255	12254	12255	SIRE
13399	12495	12254	12254	12254	SIRE
13450	10457	12212	10457	11235	DAM
13495	0	0	10042	9348	BOTH
13500	10457	10692	10457	10693	DAM
13503	9874	12053	9847	12053	SIRE
13527	11914	12299	11914	0	DAM
13532	10430	11370	10430	11476	DAM
13586	11858	12675	11839	12675	SIRE
13621	0	0	10411	0	SIRE
13643	10342	10712	10342	9442	DAM
13645	0	0	10342	10712	BOTH
13654	10243	10556	10556	10243	BOTH
13656	10094	11794	10094	0	DAM
13662	10411	10260	10411	13618	DAM
13663	10411	11363	10411	13620	DAM
13664	10411	10580	10411	13619	DAM
13671	12950	12249	12950	9577	DAM
13791	11682	11672	12682	11672	SIRE
13835	9350	9659	0	0	BOTH
13842	10785	11652	10785	11625	DAM
13854	12526	12010	12283	12526	BOTH
13872	8940	11221	8940	12205	DAM
13873	8940	11555	8940	11221	DAM
13874	9549	11556	9549	11555	DAM
13875	9549	9994	9549	11556	DAM
13876	11473	10835	11473	9994	DAM
13877	10209	11815	10209	10835	DAM
13878	12408	12230	12408	11815	DAM
13879	12408	11934	12408	12230	DAM
13880	11965	0	11965	11934	DAM
13904	12426	12077	13426	12077	SIRE
13907	12440	12091	0	12091	SIRE
13958	12017	0	12017	10233	DAM
13964	10393	12297	10393	12997	DAM
13978	10411	10260	10411	13618	DAM
13979	10411	11363	10411	13620	DAM
13987	0	0	13376	10911	BOTH
13988	0	0	13376	10718	BOTH
14054	12440	12013	12150.1	12013	SIRE
14100	12271	11843	11843	12271	BOTH
14174	12017	10445	12017	0	DAM
14199	11676	12134	10442	12134	SIRE
14310	13225	0	0	0	SIRE
14325	0	0	11611	9831	BOTH
14328	9921	10341	0	0	BOTH
14329	10562	9483	0	0	BOTH
14330	0	0	13376	12220	BOTH
14423	11957	11232	11957	12212	DAM
14425	11957	10692	11957	10693	DAM
14659	12102	12657	12102	14	DAM
14670	0	0	15184	15182	BOTH
14671	0	0	0	14558	DAM
14672	0	0	0	14558	DAM
14703	0	12046	12160	12046	SIRE
14780	9180	13191	9180	13190	DAM
14828	12017	0	12017	10445	DAM
14829	12017	0	12017	12317	DAM
14832	12017	0	12017	12776	DAM
14833	12017	0	12017	12778	DAM
14834	12017	0	12017	12703	DAM
14880	12867	10692	12867	10693	DAM
14946	0	13851	13640	13851	SIRE
14949	0	12527	12526	12527	SIRE
14951	0	13853	13640	13853	SIRE
14954	0	12220	0	11441	DAM
14977	12440	12091	12150.1	12091	SIRE
14978	12440	12013	12150.1	12013	SIRE
14984	10412	11268	13632	11268	SIRE
15018	13700	13483	13700	13482	DAM
15044	12383	12695	12383	10959	DAM
