Unique IDs in S1 (not in EBPB):
98
99
129
130
131
132
133
134
135
136
137
138
139
140
148
149
159
160
167
168
169
170
180
190
200
213
225
271
272
273
274
275
276
277
278
279
280
281
282
283
284
285
286
287
288
289
290
291
292
293
294
295
296
297
298
299
300
301
302
303
304
305
306
307
308
309
310
311
312
313
314
315
316
317
318
319
320
321
322
323
324
325
326
327
328
329
330
331
332
333
334
335
336
337
338
339
340
341
342
343
344
345
346
347
348
349
350
351
352
353
354
355
356
357
358
359
360
361
362
363
364
365
366
367
368
369
370
371
372
373
374
375
376
377
378
379
380
381
382
383
384
385
386
387
388
389
390
391
392
393
394
395
396
397
398
399
400
401
402
403
404
405
406
407
408
409
410
411
412
413
414
415
416
417
418
419
420
421
422
423
424
425
426
427
428
429
430
431
432
433
434
435
436
437
438
439
440
441
442
443
444
445
446
447
448
449
450
451
452
453
454
455
456
457
458
459
460
461
462
463
464
465
466
467
468
469
470
489
490
491
508
509
510
511
512
513
515
532
533
534
535
536
537
538
539
540
561
562
563
564
565
566
567
593
594
595
614
617
618
619
620
621
622
623
645
646
647
648
649
650
651
669
670
671
672
713
732
733
734
759
782
783
784
852
853
854
890
891
933
969
1014
1068
1069
1071
1073
1077
1084
1125
1126
1127
1197
1198
1199
1275
1276
1277
1278
1279
1352
1353
1354
1446
1447
1448
1449
1472
1473
1474
1475
1476
1477
1478
1479
1560
1583
1584
1585
1586
1587
1588
1589
1590
1591
1592
1593
1594
1595
1596
1606
1609
1610
1611
1612
1613
1615
1616
1617
1618
1677
1680
1705
1706
1707
1708
1709
1710
1711
1712
1713
1714
1715
1716
1717
1718
1719
1720
1809
1810
1811
1812
1813
1814
1815
1816
1817
1818
1819
1820
1928
1929
1930
1931
1932
1933
1934
1935
1936
1937
1938
1939
1940
2049
2050
2051
2052
2053
2054
2055
2056
2057
2058
2059
2060
2061
2062
2063
2064
2181
2182
2183
2184
2185
2186
2187
2188
2189
2190
2311
2312
2313
2314
2315
2316
2317
2318
2319
2320
2458
2459
2460
2461
2462
2463
2464
2465
2466
2467
2468
2469
2470
2481
2596
2597
2598
2921
2923
2924
2925
2926
2927
2928
2929
2930
2931
2932
2933
2934
3128
3129
3130
3131
3132
3133
3134
3135
3136
3137
3138
3139
3140
3162
3163
3164
3165
3166
3167
3168
3169
3170
3232
3263
3365
3366
3367
3368
3369
3370
3419
3420
3421
3422
3423
3424
3425
3426
3427
3428
3429
3430
3591
3592
3593
3594
3595
3596
3597
3598
3599
3600
3601
3602
3603
3604
3605
3606
3607
3608
3609
3610
3611
3612
3613
3614
3615
3616
3617
3618
3619
3620
3621
3622
3623
3624
3625
3626
3627
3628
3629
3630
3631
3632
3633
3634
3635
3636
3637
3638
3639
3640
3641
3642
3643
3644
3645
3646
3647
3648
3649
3650
3840
3841
3842
3843
3844
3845
3846
3847
3848
3849
3850
3851
3852
3853
3854
3855
3856
3857
3858
3859
3860
3861
3862
3863
3864
3865
3866
3867
3868
3869
3870
3871
3872
3873
3874
3875
3876
3877
3878
3879
3880
3892
3893
3894
3895
3896
3897
3898
3899
3900
4096
4097
4098
4099
4100
4101
4102
4103
4104
4105
4106
4107
4108
4109
4110
4111
4112
4113
4114
4115
4116
4117
4118
4119
4120
4134
4135
4136
4137
4138
4139
4140
4141
4142
4143
4144
4145
4146
4147
4148
4149
4150
4330
4331
4332
4333
4334
4335
4336
4337
4338
4339
4340
4341
4342
4343
4344
4345
4346
4347
4348
4349
4350
4351
4352
4353
4354
4355
4356
4357
4358
4359
4360
4361
4362
4363
4364
4365
4366
4367
4368
4369
4370
4371
4372
4373
4374
4375
4376
4377
4378
4379
4380
4384
4385
4386
4387
4388
4389
4390
4586
4587
4588
4589
4590
4591
4592
4593
4594
4595
4596
4597
4598
4599
4600
4828
4829
4830
5033
5034
5035
5036
5037
5038
5039
5040
5043
5044
5045
5046
5047
5048
5049
5050
5259
5260
5261
5262
5263
5264
5265
5266
5267
5268
5269
5270
5277
5278
5279
5280
5481
5482
5483
5484
5485
5486
5487
5488
5489
5490
5491
5492
5493
5494
5495
5496
5497
5498
5499
5500
5507
5508
5509
5510
5734
5735
5736
5737
5738
5739
5740
5741
5742
5743
5744
5745
5746
5747
5748
5749
5750
5751
5752
5753
5754
5755
5756
5757
5758
5759
5760
5961
5962
5963
5964
5965
5966
5967
5968
5969
5970
5971
5972
5973
5974
5975
5976
5977
5978
5979
5980
5981
5982
5983
5984
5985
5986
5987
5988
5989
5990
5991
5992
5993
5994
5995
5996
5997
5998
5999
6000
6001
6002
6003
6004
6005
6006
6007
6008
6009
6010
6011
6012
6013
6014
6015
6016
6017
6018
6019
6020
6021
6022
6023
6024
6025
6026
6027
6028
6029
6030
6231
6232
6233
6234
6235
6236
6237
6238
6239
6240
6241
6242
6243
6244
6245
6246
6247
6248
6249
6250
6251
6252
6253
6254
6255
6256
6257
6258
6259
6260
6261
6262
6263
6264
6265
6266
6267
6268
6269
6270
6271
6272
6273
6274
6275
6276
6277
6278
6279
6280
6281
6282
6283
6284
6285
6286
6287
6288
6289
6290
6511
6512
6513
6514
6515
6516
6517
6518
6519
6520
6521
6522
6523
6524
6525
6526
6527
6528
6529
6530
6531
6532
6533
6534
6535
6536
6537
6538
6539
6540
6541
6542
6543
6544
6545
6546
6547
6548
6549
6550
6551
6565
6748
6749
6750
6751
6752
6753
6754
6755
6756
6757
6758
6759
6760
6761
6762
6763
6764
6765
6766
6767
6768
6769
6770
6771
6772
6773
6774
6775
6776
6777
6778
6779
6780
6781
6782
6783
6784
6785
6786
6787
6788
6789
6790
6791
6792
6793
6794
6803
6823
7000
7019
7054
7184
7185
7186
7187
7188
7189
7190
7191
7192
7193
7194
7195
7196
7197
7198
7199
7200
7201
7202
7203
7204
7205
7206
7207
7208
7209
7210
7211
7212
7213
7214
7215
7216
7217
7218
7219
7220
7221
7222
7223
7224
7225
7226
7227
7228
7229
7230
7231
7232
7233
7234
7235
7236
7237
7238
7239
7240
7241
7242
7243
7244
7245
7246
7247
7248
7249
7250
7453
7454
7455
7456
7457
7458
7459
7460
7461
7462
7463
7464
7465
7466
7467
7468
7469
7470
7471
7472
7473
7474
7475
7476
7477
7478
7479
7480
7481
7482
7483
7484
7485
7486
7487
7488
7489
7490
7491
7492
7493
7494
7495
7496
7497
7498
7499
7500
7515
7516
7517
7518
7519
7520
7521
7522
7523
7524
7525
7723
7724
7725
7726
7727
7728
7729
7730
7731
7732
7733
7734
7735
7736
7737
7738
7739
7740
7741
7742
7743
7744
7745
7746
7747
7748
7749
7750
7945
7946
7947
7948
7949
7950
7951
7952
7953
7954
7955
7956
7957
7958
7959
7960
7961
7962
7963
7964
7965
7966
7967
7968
7969
7970
7971
7972
7973
7974
7975
7976
7977
7978
7979
7980
7981
7982
7983
7984
7985
7986
7987
7988
7989
7990
7991
7992
7993
7994
7995
7996
7997
7998
7999
8000
8184
8204
8205
8206
8217
8218
8219
8220
8221
8222
8223
8224
8225
8226
8227
8228
8229
8230
8231
8232
8233
8234
8235
8236
8237
8238
8239
8240
8241
8242
8243
8244
8245
8246
8247
8248
8249
8250
8399
8401
8403
8404
8405
8407
8408
8409
8410
8411
8412
8413
8415
8417
8435
8436
8437
8438
8439
8440
8441
8442
8443
8444
8445
8446
8447
8448
8449
8450
8451
8452
8453
8454
8455
8456
8457
8458
8459
8460
8461
8462
8463
8464
8465
8466
8467
8468
8469
8470
8471
8472
8473
8474
8475
8476
8477
8478
8479
8480
8481
8482
8483
8484
8485
8486
8487
8488
8489
8490
8491
8492
8493
8494
8495
8496
8497
8498
8499
8500
8694
8695
8696
8697
8698
8699
8700
8709
8809
8880
8881
8882
8883
8884
8885
8886
8887
8888
8889
8890
8891
8892
8893
8894
8895
8896
8897
8898
8899
8900
9089
9090
9091
9092
9093
9094
9095
9096
9097
9098
9314
9345
9346
9423
9452
9454
9455
9471
9473
9493
9498
9499
9500
9668
9669
9670
9671
9672
9673
9674
9675
9676
9677
9678
9679
9680
9681
9682
9683
9684
9685
9686
9687
9688
9689
9690
9691
9692
9693
9694
9695
9696
9697
9698
9699
9700
9883
9884
9900
10071
10072
10073
10074
10075
10076
10077
10078
10096
10097
10098
10099
10100
10260
10261
10262
10263
10264
10265
10266
10267
10268
10269
10270
10271
10272
10273
10274
10275
10276
10277
10278
10279
10280
10281
10282
10283
10284
10285
10286
10287
10288
10289
10290
10291
10292
10293
10294
10295
10296
10297
10298
10299
10330
10331
10332
10339
10580
10581
10582
10583
10584
10585
10586
10587
10588
10589
10590
10591
10592
10593
10594
10595
10596
10597
10598
10599
10600
10837
10838
10839
10840
10841
10842
10843
10844
10845
10846
10847
10848
10849
10850
10851
10852
10853
10854
10855
10856
10857
10858
10859
10860
10861
10862
10863
10864
10865
10866
10867
10868
10869
10870
10871
10872
10873
10874
10875
10876
10877
10878
10879
10880
10881
10882
10883
10884
10885
10886
10887
10888
10889
10890
10891
10892
10893
10894
10895
11361
11363
11364
11365
11366
11367
11368
11369
11370
11371
11372
11373
11374
11375
11376
11377
11378
11379
11380
11381
11382
11383
11384
11385
11386
11387
11388
11389
11390
11391
11392
11393
11394
11395
11396
11397
11398
11399
11400
11637
11638
11639
11640
11641
11642
11643
11644
11645
11646
11647
12440
12441
12442
12443
12444
12445
12446
12447
12448
12449
12450
12746
12747
12748
12749
12750
13022
13023
13024
13025
13026
13027
13028
13494
13665
13666
13667
13668
13669
13670
13989
13990
13991
13992
13993
13994
13995
13996
13997
13998
13999
14000
14321
14322
14323
14324
14331
14332
14333
14334
14335
14336
14337
14338
14339
14340
14341
14342
14343
14344
14345
14346
14347
14348
14349
14350
14351
14352
14353
14355
14356
14366
14387
14389
14394
14395
14397
14398
14399
14400
14407
14424
14428
14433
14434
14435
14437
14438
14442
14449
14450
14453
14455
14456
14457
14458
14459
14464
14480
14491
14495
14497
14501
14502
14505
14506
14507
14520
14524
14528
14535
14546
14549
14555
14567
14568
14569
14571
14584
14600
14609
14611
14613
14614
14624
14639
14660
14661
14662
14665
14666
14667
14668
14669
14673
14674
14675
14676
14677
14678
14679
14680
14681
14682
14683
14684
14685
14686
14687
14688
14689
14690
14691
14692
14693
14694
14695
14696
14697
14698
14699
14700
14701
14715
14819
14820
14830
14831
14855
14864
14875
14881
14883
14884
14891
14893
14905
14940
14950
14956
14957
14958
14960
14963
14982
14986
15000
15001
15002
15003
15004
15005
15006
15007
15010
15014
15016
15017
15021
15022
15025
15053
15054
15061
